000000000010
000000000100
000000000110
000000000111
000000001101
000000010000
000000010010
000000011001
000000011010
000000100011
000000101001
000000101100
000000111010
000001000101
000001001001
000001001011
000001001101
000001010101
000001011101
000001100011
000001100101
000001100111
000001101010
000001111011
000001111101
000001111111
000010000000
000010000010
000010001010
000010010001
000010011001
000010011011
000010011110
000010011111
000010101000
000010101110
000010111000
000010111010
000011000100
000011000111
000011001001
000011001101
000011010010
000011010100
000011010101
000011010111
000011011100
000011011111
000011100001
000011100101
000011100111
000011110010
000011110011
000011111110
000011111111
000100000010
000100000110
000100001000
000100001001
000100010001
000100010011
000100011000
000100011101
000100100111
000100101000
000100101011
000100101111
000100110001
000100110101
000100111011
000101000100
000101000101
000101000111
000101001001
000101010101
000101010110
000101011000
000101011101
000101100000
000101100100
000101100101
000101100111
000101101010
000101101011
000101110001
000101110010
000101110111
000101111001
000101111101
000110000010
000110001001
000110001100
000110010000
000110010001
000110010101
000110011001
000110011010
000110011101
000110100010
000110100011
000110100110
000110101001
000110101011
000110101100
000110101101
000110110000
000110110111
000110111111
000111000011
000111001110
000111001111
000111010011
000111011111
000111101000
000111101110
000111101111
000111111000
000111111100
001000000000
001000000101
001000000110
001000001010
001000001011
001000010001
001000010010
001000010100
001000010111
001000011001
001000011101
001000100101
001000110000
001000110001
001000110101
001000111000
001001000001
001001001000
001001001001
001001001011
001001001100
001001001101
001001001110
001001010011
001001010101
001001011001
001001011011
001001011100
001001011110
001001011111
001001100001
001001100110
001001101100
001001110011
001001111101
001001111111
001010000010
001010000011
001010000100
001010000101
001010001010
001010001100
001010001110
001010010011
001010010100
001010011100
001010100000
001010100011
001010100100
001010101000
001010101100
001010101101
001010110100
001010111011
001010111111
001011000011
001011001000
001011001010
001011001101
001011001110
001011010100
001011011101
001011100011
001011100111
001011101010
001011101011
001011110011
001011110100
001011110111
001011111100
001100000101
001100000110
001100001011
001100010000
001100010101
001100010111
001100011010
001100011100
001100011110
001100100001
001100100110
001100101001
001100101011
001100101101
001100101110
001100101111
001100111110
001101000100
001101000101
001101001000
001101010010
001101010100
001101011100
001101011111
001101101010
001101101100
001101101111
001101110100
001101110111
001101111011
001101111100
001101111101
001101111111
001110000100
001110001111
001110011000
001110011101
001110011110
001110011111
001110100000
001110100100
001110101000
001110101010
001110110100
001110110110
001111000010
001111000101
001111001100
001111001101
001111001110
001111010100
001111011010
001111011101
001111101010
001111101110
001111110010
001111111001
001111111011
001111111101
010000000000
010000000101
010000001000
010000001111
010000010010
010000100000
010000100011
010000100101
010000101101
010000110000
010000110010
010000111011
010000111100
010001000010
010001000110
010001000111
010001001101
010001001111
010001010011
010001010101
010001010110
010001011100
010001011111
010001100000
010001101101
010001110010
010001110011
010001110101
010001111100
010001111110
010001111111
010010000001
010010000111
010010001100
010010001110
010010010001
010010010100
010010011001
010010011011
010010011100
010010011111
010010100000
010010100010
010010101010
010010101111
010010110101
010010110110
010010111001
010010111011
010010111110
010011000000
010011000010
010011000110
010011000111
010011001000
010011001110
010011010010
010011010111
010011011011
010011011110
010011011111
010011100001
010011100100
010011100101
010011101001
010011101010
010011110001
010011111010
010011111101
010011111110
010011111111
010100000110
010100010000
010100011100
010100011110
010100011111
010100100001
010100101111
010100110011
010100110110
010100111100
010100111110
010101000000
010101000001
010101000111
010101010000
010101010111
010101011100
010101011101
010101100010
010101101001
010101101101
010101110011
010101110111
010101111101
010101111111
010110000010
010110000100
010110001001
010110001111
010110011010
010110011111
010110100001
010110100011
010110110001
010110110100
010110110110
010111000001
010111000100
010111001010
010111001011
010111011011
010111011100
010111100000
010111100101
010111100110
010111101011
010111101111
010111110000
010111110001
010111111111
011000000100
011000000101
011000001101
011000010000
011000010001
011000010101
011000011001
011000011011
011000100001
011000100010
011000100011
011000100101
011000110010
011000111101
011000111110
011000111111
011001000010
011001000111
011001001011
011001010000
011001011100
011001011110
011001100000
011001100011
011001100111
011001101001
011001110010
011001110100
011001110110
011001110111
011001111000
011001111010
011010000010
011010001000
011010001001
011010010010
011010010100
011010010101
011010011000
011010011100
011010100101
011010100110
011010101001
011010101101
011010101110
011010110010
011010110101
011010110111
011010111011
011010111100
011010111101
011011000001
011011000111
011011001100
011011001110
011011011011
011011100000
011011100001
011011100110
011011101100
011011101101
011011110010
011011110011
011011110110
011011110111
011011111000
011100000000
011100000100
011100000110
011100001000
011100001011
011100001100
011100010000
011100010010
011100010101
011100011011
011100011100
011100011110
011100100000
011100100001
011100100010
011100100110
011100100111
011100101100
011100110110
011100111001
011100111010
011100111011
011100111110
011101000011
011101001001
011101001100
011101010100
011101010111
011101011000
011101011111
011101100001
011101100101
011101100111
011101110010
011101110111
011101111001
011101111011
011101111110
011110000000
011110000001
011110000010
011110000011
011110000100
011110000111
011110001010
011110001011
011110001110
011110010000
011110010001
011110010010
011110010101
011110010110
011110010111
011110011001
011110011101
011110100010
011110100111
011110110011
011110110101
011110110110
011110111111
011111000010
011111000011
011111000100
011111001101
011111001111
011111010001
011111010011
011111011000
011111011001
011111011110
011111100001
011111100010
011111100011
011111101011
011111101100
011111110001
011111110010
011111110101
011111110110
011111110111
011111111001
011111111010
011111111101
100000000010
100000000110
100000001010
100000001111
100000010001
100000010010
100000010111
100000011000
100000100101
100000100110
100000110000
100000110001
100000110101
100000111000
100000111001
100000111010
100001001001
100001001111
100001010100
100001011001
100001011011
100001011100
100001100001
100001100011
100001101001
100001101011
100001101100
100001101110
100001101111
100001110011
100001111001
100001111100
100001111101
100001111111
100010000100
100010000101
100010000110
100010001100
100010001101
100010010000
100010011100
100010100001
100010100101
100010101101
100010110011
100010111000
100010111101
100011000011
100011001010
100011010000
100011011001
100011011100
100011100001
100011100101
100011100110
100011101000
100011101011
100011101100
100011101110
100011110100
100011110110
100011110111
100011111110
100100000011
100100000100
100100000111
100100001010
100100001011
100100010000
100100010100
100100011000
100100011100
100100100011
100100100110
100100100111
100100101101
100100110010
100100110011
100100110101
100100111001
100100111101
100100111110
100101000001
100101000010
100101000101
100101001010
100101001011
100101001101
100101010110
100101011010
100101011011
100101101000
100101101001
100101101011
100101101110
100101110001
100101110100
100101111001
100110000101
100110001100
100110001111
100110011000
100110011001
100110011010
100110011100
100110100100
100110110000
100110110101
100110111001
100110111101
100110111111
100111000111
100111001110
100111010000
100111010101
100111010111
100111011010
100111011101
100111100000
100111100110
100111101001
100111101100
100111101110
100111110000
100111110001
100111110101
100111110110
100111111101
101000000101
101000000111
101000001000
101000001001
101000001100
101000010011
101000010100
101000010101
101000011011
101000100011
101000100100
101000100101
101000101000
101000101001
101000101010
101000101011
101000101110
101000110010
101000110110
101000110111
101000111001
101000111111
101001000010
101001000101
101001001111
101001010011
101001011010
101001011101
101001100101
101001100110
101001100111
101001110010
101001110100
101001110111
101001111000
101001111010
101001111011
101001111111
101010000011
101010001011
101010010011
101010010111
101010011000
101010011100
101010011110
101010011111
101010100000
101010100010
101010100111
101010101100
101010101110
101010101111
101010110001
101010110101
101010111001
101010111101
101011000000
101011000001
101011000110
101011000111
101011010111
101011100001
101011100011
101011101001
101011101010
101011110001
101011110100
101011111000
101011111100
101100000000
101100000010
101100000011
101100010000
101100010111
101100011010
101100011011
101100100010
101100101100
101100111000
101100111001
101100111011
101101000100
101101000110
101101001011
101101001101
101101001111
101101010110
101101011010
101101011111
101101100100
101101100110
101101101000
101101110001
101110000101
101110000111
101110001001
101110001010
101110010100
101110010111
101110011001
101110100001
101110100101
101110101011
101110110000
101110110001
101110110100
101110110111
101110111001
101110111111
101111000000
101111001010
101111001110
101111001111
101111010000
101111010100
101111100000
101111101110
101111110000
101111111000
101111111011
101111111101
101111111110
101111111111
110000000000
110000000100
110000000110
110000001010
110000001011
110000001110
110000010110
110000010111
110000011000
110000011001
110000011011
110000011100
110000100101
110000101001
110000111000
110000111011
110000111100
110000111101
110001000000
110001000010
110001001010
110001001110
110001011100
110001011101
110001100100
110001100101
110001101000
110001101010
110001110010
110001110011
110001110100
110001111001
110001111010
110001111111
110010000000
110010000100
110010001001
110010001100
110010001101
110010001110
110010010000
110010010101
110010010111
110010011001
110010100000
110010100011
110010100111
110010101001
110010101010
110010101101
110010101110
110010110000
110010110110
110010111101
110010111111
110011011000
110011011011
110011101000
110011110011
110011110110
110100000001
110100000011
110100001001
110100001110
110100001111
110100010011
110100010100
110100011011
110100100010
110100101011
110100110101
110100111000
110100111101
110100111110
110101000000
110101000001
110101000010
110101001010
110101001110
110101001111
110101010001
110101010100
110101011000
110101011011
110101100000
110101100001
110101101001
110101101011
110101101110
110101101111
110101110001
110101110011
110101111101
110101111110
110110000001
110110001011
110110001111
110110010000
110110010001
110110010010
110110010011
110110011111
110110100100
110110101101
110110111011
110111001000
110111001001
110111001010
110111001100
110111010011
110111010101
110111011011
110111011101
110111101010
110111101100
110111101111
110111110001
110111110010
110111110011
110111110110
110111110111
110111111100
110111111101
111000000000
111000000111
111000001010
111000001111
111000010000
111000010100
111000011001
111000011010
111000011011
111000101010
111000101101
111000110100
111000111100
111000111111
111001000001
111001001000
111001001111
111001011001
111001011011
111001011110
111001101010
111001110000
111001110001
111001110100
111001111000
111001111101
111010000001
111010001100
111010001110
111010010101
111010011011
111010011101
111010100001
111010100101
111010101101
111010111110
111010111111
111011000100
111011001011
111011001101
111011010100
111011011010
111011011011
111011011100
111011011101
111011011110
111011100100
111011100111
111011101100
111011101111
111011110101
111011111000
111011111010
111011111111
111100000000
111100001000
111100010101
111100010110
111100011010
111100011110
111100011111
111100101100
111100110111
111101000010
111101000111
111101001111
111101010011
111101011111
111101101100
111101101111
111101110000
111101110001
111101110011
111101110101
111101111001
111110000001
111110000010
111110000100
111110001000
111110010010
111110010100
111110010110
111110011111
111110100000
111110100101
111110100111
111110101010
111110101011
111110101111
111110110011
111110110101
111110111011
111110111101
111111000010
111111000110
111111000111
111111001010
111111010001
111111010011
111111011101
111111011110
111111011111
111111100000
111111100101
111111100111
111111111001
111111111110
111111111111